Tile Types:
[[0 2 3 3 0]
 [1 0 0 1 0]
 [0 0 0 0 1]
 [0 0 1 0 0]
 [0 1 1 1 0]]

Tile Values:
[[ 0  0  0  0 20]
 [ 8  1 10  1  3]
 [ 1 10  5 10 10]
 [10  4  1 10 19]
 [ 3  1  1  1  1]]

memo before:
[[[[-1 -1 -1 -1 -1]
   [-1 -1 -1 -1 -1]
   [-1 -1 -1 -1 -1]
   [-1 -1 -1 -1 -1]
   [-1 -1 -1 -1 -1]]

  [[-1 -1 -1 -1 -1]
   [-1 -1 -1 -1 -1]
   [-1 -1 -1 -1 -1]
   [-1 -1 -1 -1 -1]
   [-1 -1 -1 -1 -1]]]


 [[[-1 -1 -1 -1 -1]
   [-1 -1 -1 -1 -1]
   [-1 -1 -1 -1 -1]
   [-1 -1 -1 -1 -1]
   [-1 -1 -1 -1 -1]]

  [[-1 -1 -1 -1 -1]
   [-1 -1 -1 -1 -1]
   [-1 -1 -1 -1 -1]
   [-1 -1 -1 -1 -1]
   [-1 -1 -1 -1 -1]]]]
memo after:
[[[[ 2  6 14 13  3]
   [ 2 15 14  4  0]
   [-1 15  5  0  0]
   [-1 12 20 10  0]
   [-1 13 10 20 -1]]

  [[-1 -1 -1 -1 -1]
   [-1  5  4  0  0]
   [ 2  5  0  0  0]
   [-1  2 10  0  0]
   [-1  3  0  1 -1]]]


 [[[-1 -1 -1 -1 -1]
   [-1 -1 -1 -1 -1]
   [-1 -1  5  0  0]
   [-1 12 20 10  0]
   [-1 13 10 20 -1]]

  [[-1 -1 -1 -1 -1]
   [-1 -1 -1 -1 -1]
   [-1  5  0  0  0]
   [ 2  2 10  0  0]
   [13  3  0  1 -1]]]]
Starting hp: 0
min needed hp: 2
Result: False
