Tile Types:
[[0 0 3 ... 0 0 0]
 [3 0 0 ... 0 0 3]
 [3 0 0 ... 0 0 2]
 ...
 [0 0 1 ... 0 1 0]
 [0 0 0 ... 0 0 1]
 [1 0 0 ... 0 0 1]]

Tile Values:
[[  0   8   0 ... 340  43 750]
 [  0 460 716 ... 720 764   0]
 [  0 554 774 ... 411 976   0]
 ...
 [448 869  20 ... 335   3 242]
 [658 262 498 ... 375 988  12]
 [ 55 915 168 ... 606  31  12]]

memo before:
[[[[-1 -1 -1 ... -1 -1 -1]
   [-1 -1 -1 ... -1 -1 -1]
   [-1 -1 -1 ... -1 -1 -1]
   ...
   [-1 -1 -1 ... -1 -1 -1]
   [-1 -1 -1 ... -1 -1 -1]
   [-1 -1 -1 ... -1 -1 -1]]

  [[-1 -1 -1 ... -1 -1 -1]
   [-1 -1 -1 ... -1 -1 -1]
   [-1 -1 -1 ... -1 -1 -1]
   ...
   [-1 -1 -1 ... -1 -1 -1]
   [-1 -1 -1 ... -1 -1 -1]
   [-1 -1 -1 ... -1 -1 -1]]]


 [[[-1 -1 -1 ... -1 -1 -1]
   [-1 -1 -1 ... -1 -1 -1]
   [-1 -1 -1 ... -1 -1 -1]
   ...
   [-1 -1 -1 ... -1 -1 -1]
   [-1 -1 -1 ... -1 -1 -1]
   [-1 -1 -1 ... -1 -1 -1]]

  [[-1 -1 -1 ... -1 -1 -1]
   [-1 -1 -1 ... -1 -1 -1]
   [-1 -1 -1 ... -1 -1 -1]
   ...
   [-1 -1 -1 ... -1 -1 -1]
   [-1 -1 -1 ... -1 -1 -1]
   [-1 -1 -1 ... -1 -1 -1]]]]
memo after:
[[[[ 6093  6964  7006 ... 13384 14530 14487]
   [ 6093  6956  7059 ... 13044 14501 13737]
   [   -1  6496  6343 ... 12324 14213 13795]
   ...
   [   -1 11577 10708 ...   574   239   242]
   [13903 13245 12983 ...  1012   988     0]
   [13804 13859 12944 ...   637    31    -1]]

  [[   -1    -1    -1 ... 12462 13780 13737]
   [   -1    -1    -1 ... 12122 13737 13737]
   [   -1    -1    -1 ... 11402 13237 13795]
   ...
   [11156 10708 10708 ...   239     0     0]
   [12917 12259 11997 ...   375     0     0]
   [12819 12874 11959 ...    31     0    -1]]]


 [[[   -1    -1    -1 ... 13384 14530 14487]
   [   -1  6903  7006 ... 13044 14501 13737]
   [ 6093  6443  6290 ... 12324 14213 13737]
   ...
   [   -1 11484 10615 ...   571   236   242]        #now its correctly 236 instead of 239, and then 571 instead of 574
   [13894 13236 12974 ...  1012   988     0]
   [13749 13824 12909 ...   637    31    -1]]

  [[   -1    -1    -1 ... 12462 13780 13737]
   [   -1    -1    -1 ... 12122 13737 13737]
   [   -1    -1    -1 ... 11402 13237 13737]
   ...
   [11063 10615 10615 ...   236     0     0]
   [12908 12250 11988 ...   375     0     0]
   [12764 12839 11924 ...    31     0    -1]]]]
Starting hp: 6093
min needed hp: 6093
Result: True
