Tile Types:
[[0 0 0 0 0]
 [0 0 0 0 0]
 [0 0 0 0 0]
 [0 0 0 0 0]
 [0 0 0 0 0]]

Tile Values:
[[  0  64  66  76  37]
 [ 30  83  80  79 100]
 [ 83 100  82  43  95]
 [ 17  92  32  80  73]
 [ 77  92  31  65  77]]

memo after:
[[[[427 497 433 420 382]
   [427 450 367 344 345]
   [397 387 287 265 245]
   [314 297 205 222 150]
   [342 265 173 142  -1]]

  [[ -1  -1  -1  -1  -1]
   [ -1  -1  -1  -1  -1]
   [ -1  -1  -1  -1  -1]
   [ -1  -1  -1  -1  -1]
   [ -1  -1  -1  -1  -1]]]


 [[[ -1  -1  -1  -1  -1]
   [ -1  -1  -1  -1  -1]
   [ -1  -1  -1  -1  -1]
   [ -1  -1  -1  -1  -1]
   [ -1  -1  -1  -1  -1]]

  [[ -1  -1  -1  -1  -1]
   [ -1  -1  -1  -1  -1]
   [ -1  -1  -1  -1  -1]
   [ -1  -1  -1  -1  -1]
   [ -1  -1  -1  -1  -1]]]]
Starting hp: 427
min needed hp: 427
Result: True
